133028
133024
500005
148999
423999
420004
523137
602285
275984
398000
179018
307432
432001
822101
260001
650101
799005
270047
683296
260008
440089
167026
500001
778999
068981
638000
546000
549991
357709
432014
457998
642990
089000
698999
287999
143091
526856
615337
259000
661028
661027
180001
039190
218984
560101
564700
488006
593001
148795
596992
466000
469994
299985
537999
308999
367999
790446
823642
400848
536000
539993
349021
019799
526201
568000
678972
430001
731899
101001
562700
090001
409000
591001
789000
792403
126999
143039
272023
628000
752589
153075
111013
572514
297996
467999
249000
464010
079000
100114
410672
419000
430023
672177
286637
420001
318998
558003
357999
167002
613339
189022
272002
688999
369977
190001
673633
019191
570514
511782
486015
532002
160001
524856
578005
208999
199949
274018
417000
405002
327668
668034
328999
239000
408999
440001
683690
639979
388018
277999
039805
274005
159011
535999
656290
520031
627999
670101
646277
429000
560730
543116
788999
187940
698917
313010
359964
609971
824101
658029
604285
604288
068574
509000
512649
182269
758999
078999
200817
048980
464219
102112
557993
709143
298017
149000
521101
489980
681008
455999
427000
651644
138999
640990
391003
207223
465999
462002
169016
279987
829856
454852
267998
566226
569979
449025
699819
117406
556000
229001
559989
450004
588000
108945
450001
368000
098157
347467
408543
818937
778792
324108
099000
289979
058972
333059
619979
338988
768997
629985
733897
818948
103001
754351
053034
379131
519073
439000
787000
128999
323019
547993
731001
754589
790403
511108
301001
600416
269986
463538
542325
509986
334008
728957
487988
578999
059011
257998
769026
654288
323108
151001
300001
349977
069043
369000
518205
219013
659959
162131
332059
763701
120731
178959
150169
768169
807999
198347
437000
825167
322002
565226
104001
188995
460001
119982
599000
418999
018955
210685
109923
499943
718931
619000
392003
163002
312203
554999
680792
532986
797997
738990
152126
381126
654291
678000
106001
649964
099983
209000
392056
563226
671654
319053
247998
310001
330097
597001
038989
682787
382002
459000
736786
413002
347999
370012
588999
542116
266269
416999
161001
531001
523856
397999
637999
085101
259987
359000
288000
079914
461539
212671
212672
183269
390099
428999
332008
779000
038970
425000
278000
552152
556989
089957
198999
656288
210009
825195
733012
128000
544999
403002
510782
799984
787999
521899
575000
309000
360001
605288
605285
608551
737868
321112
735688
131002
679979
268015
821647
613337
550101
469000
120101
667988
629008
667989
080001
806011
520946
237983
562104
598999
595001
165002
572152
200001
792447
530986
168997
426999
415876
190468
085701
320001
519966
131028
438999
158746
399940
227968
104080
449893
142160
092017
384003
081110
387997
576999
529974
384002
525137
652288
457000
751306
370094
809985
600002
471775
158975
050004
051335
708979
708970
761101
165026
548000
118000
794403
550554
237999
601324
540101
436999
641167
330004
164127
227988
611115
554500
611351
574999
141007
372052
049014
479255
199000
669965
401001
610005
507999
472613
362002
808000
528230
436539
540325
108001
339041
479220
249998
360083
315079
794441
423466
538000
571022
389978
082001
552542
609017
329001
759000
082006
820101
411002
644221
153002
819116
018990
258000
688241
051531
467010
239977
387309
809000
110026
499054
732899
563700
753350
573505
059923
649000
506906
824642
753589
431014
535000
458999
538999
573999
248018
088261
361083
144055
298991
489000
441065
309980
660028
660023
328000
411671
677731
410101
460805
110001
144061
522137
090115
682296
557001
788000
501005
271001
191004
791403
217999
134028
730001
455000
134024
138622
548999
122462
570022
314079
229979
069935
424999
527842
821101
637291
559000
238000
677999
166026
684296
709832
614339
528988
273005
307997
276999
639000
191465
418012
132024
643990
132028
159968
219971
614337
441012
465010
601020
080334
101112
823101
217562
314022
592001
261008
091001
261006
207999
448912
763101
379664
689955
651154
779917
791447
154075
368999
547000
751589
180321
456999
286999
318876
271030
468983
149959
487000
524137
100001
399000
569000
431001
739009
478993
567226
266992
648310
049967
102001
389000
555000
590001
638999
627620
329981
129959
757327
546999
348000
390001
409966
786204
319944
669000
533698
508000
735788
209980
828819
358999
127999
228022
534999
657290
732002
287000
760935
300069
650644
590019
510101
571514
561712
789979
466998
579000
078877
313138
657288
463010
710001
273019
710005
327999
160568
757997
181269
671133
568999
139965
684690
534103
618309
488999
628991
536999
545000
719009
419981
288999
218000
577000
334038
416000
659003
603285
275018
769971
729030
603288
438012
608976
734897
828872
181003
406002
103112
117999
278994
380002
478926
454999
589000
428000
641990
674633
544116
312010
798014
525856
652622
618999
339948
805996
558999
429986
311003
555999
151129
730900
289000
567999
105001
591601
648966
541102
208000
498991
758012
461001
670656
058267
277000
426000
598000
083001
140001
380134
739984
348999
498745
268999
050538
642198
579991
402004
797630
098999
402001
689000
127000
486999
576000
338710
163131
311233
551141
358000
806999
736688
541325
819837
211672
333008
729937
118999
189971
276124
331070
381002
718803
152002
179942
129000
267008
404002
545999
161134
786999
574000
762701
680001
606288
427999
606287
808999
507000
655291
737999
321002
391093
322112
761848
672633
462538
543325
485876
485874
397639
577996
522891
299005
382114
655288
734012
150001
798989
121503
589971
439984
587797
458009
393003
162001
530001
681792
533986
529014
679002
048421
645277
564226
187999
088999
258999
140463
759991
417999
139000
052335
398999
602318
247676
130039
091023
400001
169982
506999
473613
793403
738000
470101
829016
119000
308003
518969
549000
644989
331006
141182
350101
257494
371027
551550
383002
383003
401319
762101
412002
805298
752306
587999
320124
297714
154028
415999
612339
166002
612337
279007
310530
188000
361002
640167
211014
107001
248999
599986
424000
537000
685296
610399
527201
596001
820652
081001
750588
643221
597999
164002
594001
793446
531986
126800
168602
658965
238999
668999
719922
130001
201007
270001
109001
350148
539000
468000
178879
367812
121107
561104
378961
378962
760101
228979
471613
122423
448879
508999
425999
437995
822642
807000
653291
201028
728645
388999
470775
142006
575999
653288
646517
371092
699000
645668
750300
456000
269000
459996